Modulo of 1000 with 500 bits
38
38
49
38
38
38
38
36
35
37
Modulo of 2000 with 1000 bits
130
144
140
133
126
139
136
137
142
126
Modulo of 3000 with 1500 bits
261
271
267
261
260
263
258
257
259
261
Modulo of 4000 with 2000 bits
446
464
450
445
460
446
453
447
453
445
Modulo of 5000 with 2500 bits
678
681
682
696
680
691
680
684
678
683
Modulo of 6000 with 3000 bits
969
969
967
961
977
968
967
964
968
964
Modulo of 7000 with 3500 bits
1324
1319
1328
1357
1343
1328
1326
1316
1324
1325
Modulo of 8000 with 4000 bits
1706
1715
1710
1693
1704
1702
1706
1706
1706
1705
Modulo of 9000 with 4500 bits
2151
2147
2140
2138
2140
2146
2143
2159
2123
2114
Modulo of 10000 with 5000 bits
2602
2623
2606
2615
2607
2643
2617
2615
2645
2641
BigInteger built-in GCD method, 1000 bits (ms)
2
2
2
2
2
2
2
2
2
2

Extended Stein, 1000 bits (ms)
158
158
155
155
155
151
157
154
152
152

Simple Euclid, 1000 bits (ms)
21
20
21
20
21
23
21
21
22
21

Extended Euclid, 1000 bits (ms)
66
70
66
66
73
71
67
67
68
66

Stein, 1000 bits (ms)
29
29
30
30
32
31
30
29
31
29

BigInteger built-in GCD method, 2000 bits (ms)
5
5
5
5
5
5
5
5
5
5

Extended Stein, 2000 bits (ms)
436
430
432
420
430
419
433
426
426
435

Simple Euclid, 2000 bits (ms)
62
61
60
64
61
60
62
61
62
63

Extended Euclid, 2000 bits (ms)
180
179
182
177
177
177
184
185
179
180

Stein, 2000 bits (ms)
76
78
79
75
75
74
74
90
80
78

BigInteger built-in GCD method, 3000 bits (ms)
9
8
8
8
8
8
9
8
8
8

Extended Stein, 3000 bits (ms)
825
822
839
833
835
834
836
838
830
830

Simple Euclid, 3000 bits (ms)
123
122
122
124
123
122
123
121
121
121

Extended Euclid, 3000 bits (ms)
336
356
351
337
340
340
331
338
333
332

Stein, 3000 bits (ms)
144
138
137
137
149
139
137
138
143
139

BigInteger built-in GCD method, 4000 bits (ms)
13
13
13
13
13
13
13
13
13
13

Extended Stein, 4000 bits (ms)
1356
1351
1351
1355
1351
1352
1347
1338
1367
1352

Simple Euclid, 4000 bits (ms)
204
205
206
208
202
208
199
198
207
198

Extended Euclid, 4000 bits (ms)
539
549
539
545
543
555
539
546
537
546

Stein, 4000 bits (ms)
222
219
222
228
228
226
227
228
218
227

BigInteger built-in GCD method, 5000 bits (ms)
18
20
18
18
19
18
17
18
20
18

Extended Stein, 5000 bits (ms)
2023
2031
2027
2025
2025
2028
2029
2045
2022
2035

Simple Euclid, 5000 bits (ms)
307
301
306
314
303
303
301
308
302
300

Extended Euclid, 5000 bits (ms)
801
802
803
802
806
803
802
805
800
808

Stein, 5000 bits (ms)
327
328
313
318
330
318
323
323
324
322

BigInteger built-in GCD method, 6000 bits (ms)
24
23
23
24
23
23
23
23
23
23

Extended Stein, 6000 bits (ms)
2791
3153
2997
3043
2893
2834
2832
2832
2845
2823

Simple Euclid, 6000 bits (ms)
414
424
427
432
434
434
427
423
419
421

Extended Euclid, 6000 bits (ms)
1131
1086
1075
1075
1076
1072
1068
1079
1068
1096

Stein, 6000 bits (ms)
439
434
438
439
441
451
442
444
436
437

BigInteger built-in GCD method, 7000 bits (ms)
30
29
30
29
29
29
30
29
29
31

Extended Stein, 7000 bits (ms)
3744
3738
3739
3746
3712
3763
3747
3731
3739
3641

Simple Euclid, 7000 bits (ms)
553
559
575
558
569
550
559
556
560
557

Extended Euclid, 7000 bits (ms)
1456
1426
1430
1453
1425
1421
1455
1422
1437
1422

Stein, 7000 bits (ms)
572
579
576
570
566
568
578
572
578
575

BigInteger built-in GCD method, 8000 bits (ms)
37
36
36
36
36
36
37
42
36
36

Extended Stein, 8000 bits (ms)
4758
4695
4710
4697
4709
4686
4685
4689
4696
4696

Simple Euclid, 8000 bits (ms)
707
716
710
715
716
718
720
706
729
718

Extended Euclid, 8000 bits (ms)
1809
1801
1803
1808
1817
1800
1812
1788
1792
1805

Stein, 8000 bits (ms)
724
739
742
715
721
715
726
714
719
725

BigInteger built-in GCD method, 9000 bits (ms)
45
43
45
44
43
43
44
43
47
44

Extended Stein, 9000 bits (ms)
5858
5806
5776
5846
5927
5916
5840
5899
5883
5845

Simple Euclid, 9000 bits (ms)
899
901
901
907
902
883
892
885
885
914

Extended Euclid, 9000 bits (ms)
2236
2239
2254
2231
2232
2235
2231
2236
2237
2234

Stein, 9000 bits (ms)
885
902
893
891
890
884
923
891
885
886

BigInteger built-in GCD method, 10000 bits (ms)
52
53
52
52
51
51
52
52
53
53

Extended Stein, 10000 bits (ms)
7224
7089
7098
7082
7088
7085
7043
7089
7094
7083

Simple Euclid, 10000 bits (ms)
1088
1095
1095
1099
1087
1096
1092
1091
1096
1091

Extended Euclid, 10000 bits (ms)
2707
2724
2698
2672
2703
2700
2708
2695
2704
2705

Stein, 10000 bits (ms)
1081
1069
1076
1059
1069
1055
1080
1074
1078
1076

BigInteger built-in GCD method, 11000 bits (ms)
61
62
61
61
60
60
60
61
61
62

Extended Stein, 11000 bits (ms)
8555
8474
8448
8469
8476
8556
8407
8351
8378
8368

Simple Euclid, 11000 bits (ms)
1311
1313
1314
1321
1293
1304
1294
1335
1315
1311

Extended Euclid, 11000 bits (ms)
3221
3230
3227
3222
3235
3221
3210
3274
3219
3233

Stein, 11000 bits (ms)
1273
1283
1284
1278
1301
1267
1273
1279
1270
1255

BigInteger built-in GCD method, 12000 bits (ms)
73
71
71
73
73
69
70
70
68
68

Extended Stein, 12000 bits (ms)
10034
10017
10086
9853
9838
9833
10052
9960
9959
9868

Simple Euclid, 12000 bits (ms)
1540
1545
1540
1543
1512
1520
1541
1556
1549
1569

Extended Euclid, 12000 bits (ms)
3770
3758
3765
3764
3773
3768
3777
3789
3789
3837

Stein, 12000 bits (ms)
1493
1496
1499
1494
1499
1505
1503
1489
1483
1482

BigInteger built-in GCD method, 13000 bits (ms)
82
79
79
81
79
79
79
83
80
80

Extended Stein, 13000 bits (ms)
11767
11682
11560
11510
11542
11871
11896
11566
11517
11529

Simple Euclid, 13000 bits (ms)
1793
1790
1818
1803
1811
1798
1809
1808
1777
1800

Extended Euclid, 13000 bits (ms)
4383
4408
4373
4433
4380
4382
4330
4384
4371
4403

Stein, 13000 bits (ms)
1726
1721
1751
1731
1732
1731
1727
1747
1713
1749

BigInteger built-in GCD method, 14000 bits (ms)
92
90
90
89
92
90
91
90
89
90

Extended Stein, 14000 bits (ms)
13361
13331
13360
13263
13189
13326
13482
13351
13156
13255

Simple Euclid, 14000 bits (ms)
2104
2072
2081
2071
2068
2078
2089
2053
2054
2080

Extended Euclid, 14000 bits (ms)
5040
5048
5051
5036
5026
5017
5026
5033
4978
5042

Stein, 14000 bits (ms)
2015
1974
1978
2039
1967
1962
1983
1999
2010
1988

BigInteger built-in GCD method, 15000 bits (ms)
102
101
103
104
101
102
104
103
109
102

Extended Stein, 15000 bits (ms)
15333
15190
15124
15107
15249
15258
15049
15076
15316
15122

Simple Euclid, 15000 bits (ms)
2361
2369
2372
2359
2367
2411
2380
2521
2403
2381

Extended Euclid, 15000 bits (ms)
5829
5665
5678
5649
5659
5665
5698
5738
5759
5674

Stein, 15000 bits (ms)
2249
2257
2264
2247
2284
2271
2254
2298
2230
2229

BigInteger built-in GCD method, 16000 bits (ms)
114
116
115
112
113
111
112
118
113
117

Extended Stein, 16000 bits (ms)
17048
16981
17233
17435
17064
16993
16998
16972
16987
16994

Simple Euclid, 16000 bits (ms)
2679
2756
2729
2658
2648
2711
2682
2733
2738
2708

Extended Euclid, 16000 bits (ms)
6442
6664
6518
6396
6458
6524
6495
6368
6386
6488

Stein, 16000 bits (ms)
2534
2511
2512
2534
2553
2572
2537
2574
2633
2640

BigInteger built-in GCD method, 17000 bits (ms)
136
126
125
123
124
131
127
128
124
124

Extended Stein, 17000 bits (ms)
19254
19229
19185
19229
19173
19202
19224
19314
19200
19186

Simple Euclid, 17000 bits (ms)
3008
2972
2966
3052
2993
2980
3014
3047
3024
3014

Extended Euclid, 17000 bits (ms)
7233
7241
7245
7293
7270
7374
7266
7399
7251
7249

Stein, 17000 bits (ms)
2831
2842
2812
2840
2928
2835
2894
3001
2842
2846

BigInteger built-in GCD method, 18000 bits (ms)
140
141
142
140
136
144
139
142
139
141

Extended Stein, 18000 bits (ms)
21727
21555
21609
21395
21390
21399
21393
21403
21484
21637

Simple Euclid, 18000 bits (ms)
3380
3364
3363
3365
3364
3374
3373
3418
3375
3374

Extended Euclid, 18000 bits (ms)
8049
8115
8051
8062
7938
8061
8067
8121
7958
8052

Stein, 18000 bits (ms)
3139
3131
3127
3156
3151
3168
3157
3172
3167
3144

BigInteger built-in GCD method, 19000 bits (ms)
158
154
156
156
158
150
151
152
155
156

Extended Stein, 19000 bits (ms)
24002
23948
23718
23804
23922
23836
23990
23809
23707
23838

Simple Euclid, 19000 bits (ms)
3735
3732
3799
3749
3764
3751
3681
3697
3709
3685

Extended Euclid, 19000 bits (ms)
8968
8942
8857
8810
8835
8820
8812
8908
9035
8953

Stein, 19000 bits (ms)
3465
3463
3483
3512
3492
3491
3547
3450
3467
3448

BigInteger built-in GCD method, 20000 bits (ms)
169
169
168
166
167
165
167
163
169
167

Extended Stein, 20000 bits (ms)
26661
26904
26306
26510
26724
26199
26157
26545
26397
26157

Simple Euclid, 20000 bits (ms)
4128
4119
4120
4201
4138
4135
4079
4078
4075
4072

Extended Euclid, 20000 bits (ms)
9852
9878
9853
9854
9852
9706
9980
9732
9749
9730

Stein, 20000 bits (ms)
3900
3912
3837
3790
3794
3849
3845
3847
3895
3835

BigInteger built-in GCD method, 21000 bits (ms)
185
180
182
184
181
181
189
186
180
180

Extended Stein, 21000 bits (ms)
29168
28983
29117
28803
28903
29124
29002
29182
29254
29082

Simple Euclid, 21000 bits (ms)
4524
4474
4539
4532
4567
4495
4565
4533
4480
4471

Extended Euclid, 21000 bits (ms)
10832
10811
10938
10795
10943
10814
10928
10890
10831
10760

Stein, 21000 bits (ms)
4150
4151
4285
4167
4284
4288
4213
4252
4182
4212

BigInteger built-in GCD method, 22000 bits (ms)
201
199
200
196
201
208
197
197
197
205

Extended Stein, 22000 bits (ms)
31531
32043
31530
31691
31926
31716
31525
31567
31564
31835

Simple Euclid, 22000 bits (ms)
4960
5008
4974
4899
4901
4905
4913
5027
4975
4912

Extended Euclid, 22000 bits (ms)
11779
12051
11944
11746
11740
11851
11997
11878
11714
11804

Stein, 22000 bits (ms)
4612
4583
4619
4537
4556
4543
4551
4668
4610
4585

BigInteger built-in GCD method, 23000 bits (ms)
219
213
210
213
210
217
213
212
214
215

Extended Stein, 23000 bits (ms)
34604
35181
34682
34447
34496
34328
34403
34344
34468
34399

Simple Euclid, 23000 bits (ms)
5431
5443
5375
5427
5421
5600
5498
5524
5431
5354

Extended Euclid, 23000 bits (ms)
12852
12887
12886
12856
12743
12995
12904
13090
12850
12759

Stein, 23000 bits (ms)
5013
5021
4944
4946
4948
4957
5012
5009
4994
5007

BigInteger built-in GCD method, 24000 bits (ms)
242
237
236
229
226
228
234
235
231
232

Extended Stein, 24000 bits (ms)
37673
38290
37504
37704
37353
37746
37950
37840
37537
37485

Simple Euclid, 24000 bits (ms)
5901
5925
5913
5904
5980
5885
5890
5885
5895
5866

Extended Euclid, 24000 bits (ms)
13978
13941
13877
13829
13808
13796
14143
13989
13858
13974

Stein, 24000 bits (ms)
5492
5373
5347
5430
5430
5420
5375
5387
5366
5444

BigInteger built-in GCD method, 25000 bits (ms)
255
246
252
256
257
255
252
252
248
251

Extended Stein, 25000 bits (ms)
41081
40955
41153
41111
42316
43236
42410
41147
40795
41378

Simple Euclid, 25000 bits (ms)
6384
6422
6474
6409
6391
6376
6322
6297
6424
6446

Extended Euclid, 25000 bits (ms)
14891
15266
15123
15163
15016
14994
15347
15142
14925
15148

Stein, 25000 bits (ms)
5913
5896
5879
5820
5885
5898
5818
5817
5827
5885


